(kicad_pcb (version 20171130) (host pcbnew 5.0.2+dfsg1-1)

  (general
    (thickness 1.6)
    (drawings 4)
    (tracks 0)
    (zones 0)
    (modules 55)
    (nets 87)
  )

  (page A4)
  (layers
    (0 F.Cu signal)
    (31 B.Cu signal)
    (32 B.Adhes user)
    (33 F.Adhes user)
    (34 B.Paste user)
    (35 F.Paste user)
    (36 B.SilkS user)
    (37 F.SilkS user)
    (38 B.Mask user)
    (39 F.Mask user)
    (40 Dwgs.User user)
    (41 Cmts.User user)
    (42 Eco1.User user)
    (43 Eco2.User user)
    (44 Edge.Cuts user)
    (45 Margin user)
    (46 B.CrtYd user)
    (47 F.CrtYd user)
    (48 B.Fab user)
    (49 F.Fab user)
  )

  (setup
    (last_trace_width 0.25)
    (trace_clearance 0.2)
    (zone_clearance 0.508)
    (zone_45_only no)
    (trace_min 0.2)
    (segment_width 0.2)
    (edge_width 0.15)
    (via_size 0.8)
    (via_drill 0.4)
    (via_min_size 0.4)
    (via_min_drill 0.3)
    (uvia_size 0.3)
    (uvia_drill 0.1)
    (uvias_allowed no)
    (uvia_min_size 0.2)
    (uvia_min_drill 0.1)
    (pcb_text_width 0.3)
    (pcb_text_size 1.5 1.5)
    (mod_edge_width 0.15)
    (mod_text_size 1 1)
    (mod_text_width 0.15)
    (pad_size 1.524 1.524)
    (pad_drill 0.762)
    (pad_to_mask_clearance 0.051)
    (solder_mask_min_width 0.25)
    (aux_axis_origin 0 0)
    (visible_elements FFFFFF7F)
    (pcbplotparams
      (layerselection 0x010fc_ffffffff)
      (usegerberextensions false)
      (usegerberattributes false)
      (usegerberadvancedattributes false)
      (creategerberjobfile false)
      (excludeedgelayer true)
      (linewidth 0.100000)
      (plotframeref false)
      (viasonmask false)
      (mode 1)
      (useauxorigin false)
      (hpglpennumber 1)
      (hpglpenspeed 20)
      (hpglpendiameter 15.000000)
      (psnegative false)
      (psa4output false)
      (plotreference true)
      (plotvalue true)
      (plotinvisibletext false)
      (padsonsilk false)
      (subtractmaskfromsilk false)
      (outputformat 1)
      (mirror false)
      (drillshape 1)
      (scaleselection 1)
      (outputdirectory ""))
  )

  (net 0 "")
  (net 1 GND)
  (net 2 "Net-(U1-Pad37)")
  (net 3 "Net-(U1-Pad36)")
  (net 4 /microcontroller/ESP32_TX)
  (net 5 /microcontroller/ESP32_RX)
  (net 6 "Net-(U1-Pad32)")
  (net 7 "Net-(U1-Pad28)")
  (net 8 "Net-(U1-Pad27)")
  (net 9 /microcontroller/BOOT_MODE)
  (net 10 "Net-(U1-Pad24)")
  (net 11 "Net-(U1-Pad9)")
  (net 12 "Net-(U1-Pad8)")
  (net 13 "Net-(U1-Pad7)")
  (net 14 "Net-(U1-Pad6)")
  (net 15 "Net-(U1-Pad5)")
  (net 16 "Net-(U1-Pad4)")
  (net 17 /microcontroller/RESET)
  (net 18 +3V3)
  (net 19 /microcontroller/+3.3V)
  (net 20 /microcontroller/LED_MISC_1)
  (net 21 /microcontroller/LED_FAN_1)
  (net 22 /microcontroller/LED_VENT_1)
  (net 23 /microcontroller/LED_STATUS)
  (net 24 /microcontroller/LED_FAN_2)
  (net 25 /microcontroller/LED_SOL_1)
  (net 26 /microcontroller/LED_SOL_2)
  (net 27 /microcontroller/LED_SOL_3)
  (net 28 /microcontroller/LED_SOL_4)
  (net 29 /microcontroller/SOL_4_CTRL)
  (net 30 /microcontroller/SOL_3_CTRL)
  (net 31 /microcontroller/SOL_2_CTRL)
  (net 32 /microcontroller/SOL_1_CTRL)
  (net 33 /microcontroller/FAN_1_CTRL)
  (net 34 /microcontroller/FAN_2_CTRL)
  (net 35 /microcontroller/VENT_1_CTRL)
  (net 36 /microcontroller/MISC_1_CTRL)
  (net 37 /microcontroller/DHT11_DATA)
  (net 38 "Net-(R11-Pad2)")
  (net 39 "Net-(C8-Pad2)")
  (net 40 VIN)
  (net 41 "Net-(D10-Pad2)")
  (net 42 MISC_1_CTRL)
  (net 43 "Net-(R23-Pad1)")
  (net 44 "Net-(R22-Pad1)")
  (net 45 VENT_1_CTRL)
  (net 46 FAN_1_CTRL)
  (net 47 "Net-(R21-Pad1)")
  (net 48 "Net-(R20-Pad1)")
  (net 49 FAN_2_CTRL)
  (net 50 "Net-(R14-Pad2)")
  (net 51 "Net-(D8-Pad2)")
  (net 52 "Net-(D7-Pad2)")
  (net 53 "Net-(D6-Pad2)")
  (net 54 "Net-(D5-Pad2)")
  (net 55 "Net-(D4-Pad2)")
  (net 56 "Net-(D1-Pad2)")
  (net 57 "Net-(D2-Pad2)")
  (net 58 "Net-(D3-Pad2)")
  (net 59 +3.3V)
  (net 60 "Net-(C10-Pad1)")
  (net 61 "Net-(C9-Pad1)")
  (net 62 "Net-(C7-Pad1)")
  (net 63 "Net-(C10-Pad2)")
  (net 64 VENT_1_PWR)
  (net 65 "Net-(U5-Pad5)")
  (net 66 "Net-(U5-Pad3)")
  (net 67 110VAC)
  (net 68 "Net-(U3-Pad6)")
  (net 69 "Net-(U3-Pad3)")
  (net 70 "Net-(U3-Pad5)")
  (net 71 FAN_2_PWR)
  (net 72 MISC_1_PWR)
  (net 73 "Net-(U6-Pad5)")
  (net 74 "Net-(U6-Pad3)")
  (net 75 "Net-(U4-Pad3)")
  (net 76 "Net-(U4-Pad5)")
  (net 77 FAN_1_PWR)
  (net 78 "Net-(J3-Pad1)")
  (net 79 "Net-(J3-Pad2)")
  (net 80 "Net-(J3-Pad3)")
  (net 81 "Net-(J3-Pad4)")
  (net 82 "Net-(J2-Pad1)")
  (net 83 "Net-(J2-Pad2)")
  (net 84 "Net-(J2-Pad3)")
  (net 85 "Net-(J2-Pad4)")
  (net 86 "Net-(J2-Pad5)")

  (net_class Default "This is the default net class."
    (clearance 0.2)
    (trace_width 0.25)
    (via_dia 0.8)
    (via_drill 0.4)
    (uvia_dia 0.3)
    (uvia_drill 0.1)
    (add_net +3.3V)
    (add_net +3V3)
    (add_net /microcontroller/+3.3V)
    (add_net /microcontroller/BOOT_MODE)
    (add_net /microcontroller/DHT11_DATA)
    (add_net /microcontroller/ESP32_RX)
    (add_net /microcontroller/ESP32_TX)
    (add_net /microcontroller/FAN_1_CTRL)
    (add_net /microcontroller/FAN_2_CTRL)
    (add_net /microcontroller/LED_FAN_1)
    (add_net /microcontroller/LED_FAN_2)
    (add_net /microcontroller/LED_MISC_1)
    (add_net /microcontroller/LED_SOL_1)
    (add_net /microcontroller/LED_SOL_2)
    (add_net /microcontroller/LED_SOL_3)
    (add_net /microcontroller/LED_SOL_4)
    (add_net /microcontroller/LED_STATUS)
    (add_net /microcontroller/LED_VENT_1)
    (add_net /microcontroller/MISC_1_CTRL)
    (add_net /microcontroller/RESET)
    (add_net /microcontroller/SOL_1_CTRL)
    (add_net /microcontroller/SOL_2_CTRL)
    (add_net /microcontroller/SOL_3_CTRL)
    (add_net /microcontroller/SOL_4_CTRL)
    (add_net /microcontroller/VENT_1_CTRL)
    (add_net 110VAC)
    (add_net FAN_1_CTRL)
    (add_net FAN_1_PWR)
    (add_net FAN_2_CTRL)
    (add_net FAN_2_PWR)
    (add_net GND)
    (add_net MISC_1_CTRL)
    (add_net MISC_1_PWR)
    (add_net "Net-(C10-Pad1)")
    (add_net "Net-(C10-Pad2)")
    (add_net "Net-(C7-Pad1)")
    (add_net "Net-(C8-Pad2)")
    (add_net "Net-(C9-Pad1)")
    (add_net "Net-(D1-Pad2)")
    (add_net "Net-(D10-Pad2)")
    (add_net "Net-(D2-Pad2)")
    (add_net "Net-(D3-Pad2)")
    (add_net "Net-(D4-Pad2)")
    (add_net "Net-(D5-Pad2)")
    (add_net "Net-(D6-Pad2)")
    (add_net "Net-(D7-Pad2)")
    (add_net "Net-(D8-Pad2)")
    (add_net "Net-(J2-Pad1)")
    (add_net "Net-(J2-Pad2)")
    (add_net "Net-(J2-Pad3)")
    (add_net "Net-(J2-Pad4)")
    (add_net "Net-(J2-Pad5)")
    (add_net "Net-(J3-Pad1)")
    (add_net "Net-(J3-Pad2)")
    (add_net "Net-(J3-Pad3)")
    (add_net "Net-(J3-Pad4)")
    (add_net "Net-(R11-Pad2)")
    (add_net "Net-(R14-Pad2)")
    (add_net "Net-(R20-Pad1)")
    (add_net "Net-(R21-Pad1)")
    (add_net "Net-(R22-Pad1)")
    (add_net "Net-(R23-Pad1)")
    (add_net "Net-(U1-Pad24)")
    (add_net "Net-(U1-Pad27)")
    (add_net "Net-(U1-Pad28)")
    (add_net "Net-(U1-Pad32)")
    (add_net "Net-(U1-Pad36)")
    (add_net "Net-(U1-Pad37)")
    (add_net "Net-(U1-Pad4)")
    (add_net "Net-(U1-Pad5)")
    (add_net "Net-(U1-Pad6)")
    (add_net "Net-(U1-Pad7)")
    (add_net "Net-(U1-Pad8)")
    (add_net "Net-(U1-Pad9)")
    (add_net "Net-(U3-Pad3)")
    (add_net "Net-(U3-Pad5)")
    (add_net "Net-(U3-Pad6)")
    (add_net "Net-(U4-Pad3)")
    (add_net "Net-(U4-Pad5)")
    (add_net "Net-(U5-Pad3)")
    (add_net "Net-(U5-Pad5)")
    (add_net "Net-(U6-Pad3)")
    (add_net "Net-(U6-Pad5)")
    (add_net VENT_1_CTRL)
    (add_net VENT_1_PWR)
    (add_net VIN)
  )

  (module Capacitor_SMD:C_0805_2012Metric_Pad1.15x1.40mm_HandSolder (layer F.Cu) (tedit 5B36C52B) (tstamp 626467F0)
    (at 221.465001 80.275001)
    (descr "Capacitor SMD 0805 (2012 Metric), square (rectangular) end terminal, IPC_7351 nominal with elongated pad for handsoldering. (Body size source: https://docs.google.com/spreadsheets/d/1BsfQQcO9C6DZCsRaXUlFlo91Tg2WpOkGARC1WS5S8t0/edit?usp=sharing), generated with kicad-footprint-generator")
    (tags "capacitor handsolder")
    (path /625B57C4/62632BCA)
    (attr smd)
    (fp_text reference C4 (at 0 -1.65) (layer F.SilkS)
      (effects (font (size 1 1) (thickness 0.15)))
    )
    (fp_text value 4.7uF (at 0 1.65) (layer F.Fab)
      (effects (font (size 1 1) (thickness 0.15)))
    )
    (fp_line (start -1 0.6) (end -1 -0.6) (layer F.Fab) (width 0.1))
    (fp_line (start -1 -0.6) (end 1 -0.6) (layer F.Fab) (width 0.1))
    (fp_line (start 1 -0.6) (end 1 0.6) (layer F.Fab) (width 0.1))
    (fp_line (start 1 0.6) (end -1 0.6) (layer F.Fab) (width 0.1))
    (fp_line (start -0.261252 -0.71) (end 0.261252 -0.71) (layer F.SilkS) (width 0.12))
    (fp_line (start -0.261252 0.71) (end 0.261252 0.71) (layer F.SilkS) (width 0.12))
    (fp_line (start -1.85 0.95) (end -1.85 -0.95) (layer F.CrtYd) (width 0.05))
    (fp_line (start -1.85 -0.95) (end 1.85 -0.95) (layer F.CrtYd) (width 0.05))
    (fp_line (start 1.85 -0.95) (end 1.85 0.95) (layer F.CrtYd) (width 0.05))
    (fp_line (start 1.85 0.95) (end -1.85 0.95) (layer F.CrtYd) (width 0.05))
    (fp_text user %R (at 0 0) (layer F.Fab)
      (effects (font (size 0.5 0.5) (thickness 0.08)))
    )
    (pad 1 smd roundrect (at -1.025 0) (size 1.15 1.4) (layers F.Cu F.Paste F.Mask) (roundrect_rratio 0.217391)
      (net 40 VIN))
    (pad 2 smd roundrect (at 1.025 0) (size 1.15 1.4) (layers F.Cu F.Paste F.Mask) (roundrect_rratio 0.217391)
      (net 1 GND))
    (model ${KISYS3DMOD}/Capacitor_SMD.3dshapes/C_0805_2012Metric.wrl
      (at (xyz 0 0 0))
      (scale (xyz 1 1 1))
      (rotate (xyz 0 0 0))
    )
  )

  (module Capacitor_SMD:C_0805_2012Metric_Pad1.15x1.40mm_HandSolder (layer F.Cu) (tedit 5B36C52B) (tstamp 626467DF)
    (at 229.015001 74.725001)
    (descr "Capacitor SMD 0805 (2012 Metric), square (rectangular) end terminal, IPC_7351 nominal with elongated pad for handsoldering. (Body size source: https://docs.google.com/spreadsheets/d/1BsfQQcO9C6DZCsRaXUlFlo91Tg2WpOkGARC1WS5S8t0/edit?usp=sharing), generated with kicad-footprint-generator")
    (tags "capacitor handsolder")
    (path /625B57C4/62632A41)
    (attr smd)
    (fp_text reference C5 (at 0 -1.65) (layer F.SilkS)
      (effects (font (size 1 1) (thickness 0.15)))
    )
    (fp_text value 4.7uF (at 0 1.65) (layer F.Fab)
      (effects (font (size 1 1) (thickness 0.15)))
    )
    (fp_text user %R (at 0 0) (layer F.Fab)
      (effects (font (size 0.5 0.5) (thickness 0.08)))
    )
    (fp_line (start 1.85 0.95) (end -1.85 0.95) (layer F.CrtYd) (width 0.05))
    (fp_line (start 1.85 -0.95) (end 1.85 0.95) (layer F.CrtYd) (width 0.05))
    (fp_line (start -1.85 -0.95) (end 1.85 -0.95) (layer F.CrtYd) (width 0.05))
    (fp_line (start -1.85 0.95) (end -1.85 -0.95) (layer F.CrtYd) (width 0.05))
    (fp_line (start -0.261252 0.71) (end 0.261252 0.71) (layer F.SilkS) (width 0.12))
    (fp_line (start -0.261252 -0.71) (end 0.261252 -0.71) (layer F.SilkS) (width 0.12))
    (fp_line (start 1 0.6) (end -1 0.6) (layer F.Fab) (width 0.1))
    (fp_line (start 1 -0.6) (end 1 0.6) (layer F.Fab) (width 0.1))
    (fp_line (start -1 -0.6) (end 1 -0.6) (layer F.Fab) (width 0.1))
    (fp_line (start -1 0.6) (end -1 -0.6) (layer F.Fab) (width 0.1))
    (pad 2 smd roundrect (at 1.025 0) (size 1.15 1.4) (layers F.Cu F.Paste F.Mask) (roundrect_rratio 0.217391)
      (net 1 GND))
    (pad 1 smd roundrect (at -1.025 0) (size 1.15 1.4) (layers F.Cu F.Paste F.Mask) (roundrect_rratio 0.217391)
      (net 40 VIN))
    (model ${KISYS3DMOD}/Capacitor_SMD.3dshapes/C_0805_2012Metric.wrl
      (at (xyz 0 0 0))
      (scale (xyz 1 1 1))
      (rotate (xyz 0 0 0))
    )
  )

  (module Capacitor_SMD:C_0805_2012Metric_Pad1.15x1.40mm_HandSolder (layer F.Cu) (tedit 5B36C52B) (tstamp 626467CE)
    (at 225.215001 80.275001)
    (descr "Capacitor SMD 0805 (2012 Metric), square (rectangular) end terminal, IPC_7351 nominal with elongated pad for handsoldering. (Body size source: https://docs.google.com/spreadsheets/d/1BsfQQcO9C6DZCsRaXUlFlo91Tg2WpOkGARC1WS5S8t0/edit?usp=sharing), generated with kicad-footprint-generator")
    (tags "capacitor handsolder")
    (path /625B57C4/62632AEF)
    (attr smd)
    (fp_text reference C6 (at 0 -1.65) (layer F.SilkS)
      (effects (font (size 1 1) (thickness 0.15)))
    )
    (fp_text value 0.01uF (at 0 1.65) (layer F.Fab)
      (effects (font (size 1 1) (thickness 0.15)))
    )
    (fp_line (start -1 0.6) (end -1 -0.6) (layer F.Fab) (width 0.1))
    (fp_line (start -1 -0.6) (end 1 -0.6) (layer F.Fab) (width 0.1))
    (fp_line (start 1 -0.6) (end 1 0.6) (layer F.Fab) (width 0.1))
    (fp_line (start 1 0.6) (end -1 0.6) (layer F.Fab) (width 0.1))
    (fp_line (start -0.261252 -0.71) (end 0.261252 -0.71) (layer F.SilkS) (width 0.12))
    (fp_line (start -0.261252 0.71) (end 0.261252 0.71) (layer F.SilkS) (width 0.12))
    (fp_line (start -1.85 0.95) (end -1.85 -0.95) (layer F.CrtYd) (width 0.05))
    (fp_line (start -1.85 -0.95) (end 1.85 -0.95) (layer F.CrtYd) (width 0.05))
    (fp_line (start 1.85 -0.95) (end 1.85 0.95) (layer F.CrtYd) (width 0.05))
    (fp_line (start 1.85 0.95) (end -1.85 0.95) (layer F.CrtYd) (width 0.05))
    (fp_text user %R (at 0 0) (layer F.Fab)
      (effects (font (size 0.5 0.5) (thickness 0.08)))
    )
    (pad 1 smd roundrect (at -1.025 0) (size 1.15 1.4) (layers F.Cu F.Paste F.Mask) (roundrect_rratio 0.217391)
      (net 40 VIN))
    (pad 2 smd roundrect (at 1.025 0) (size 1.15 1.4) (layers F.Cu F.Paste F.Mask) (roundrect_rratio 0.217391)
      (net 1 GND))
    (model ${KISYS3DMOD}/Capacitor_SMD.3dshapes/C_0805_2012Metric.wrl
      (at (xyz 0 0 0))
      (scale (xyz 1 1 1))
      (rotate (xyz 0 0 0))
    )
  )

  (module Capacitor_SMD:C_0805_2012Metric_Pad1.15x1.40mm_HandSolder (layer F.Cu) (tedit 5B36C52B) (tstamp 626467BD)
    (at 213.965001 80.175001)
    (descr "Capacitor SMD 0805 (2012 Metric), square (rectangular) end terminal, IPC_7351 nominal with elongated pad for handsoldering. (Body size source: https://docs.google.com/spreadsheets/d/1BsfQQcO9C6DZCsRaXUlFlo91Tg2WpOkGARC1WS5S8t0/edit?usp=sharing), generated with kicad-footprint-generator")
    (tags "capacitor handsolder")
    (path /625B57C4/6263602E)
    (attr smd)
    (fp_text reference C7 (at 0 -1.65) (layer F.SilkS)
      (effects (font (size 1 1) (thickness 0.15)))
    )
    (fp_text value 47pF (at 0 1.65) (layer F.Fab)
      (effects (font (size 1 1) (thickness 0.15)))
    )
    (fp_text user %R (at 0 0) (layer F.Fab)
      (effects (font (size 0.5 0.5) (thickness 0.08)))
    )
    (fp_line (start 1.85 0.95) (end -1.85 0.95) (layer F.CrtYd) (width 0.05))
    (fp_line (start 1.85 -0.95) (end 1.85 0.95) (layer F.CrtYd) (width 0.05))
    (fp_line (start -1.85 -0.95) (end 1.85 -0.95) (layer F.CrtYd) (width 0.05))
    (fp_line (start -1.85 0.95) (end -1.85 -0.95) (layer F.CrtYd) (width 0.05))
    (fp_line (start -0.261252 0.71) (end 0.261252 0.71) (layer F.SilkS) (width 0.12))
    (fp_line (start -0.261252 -0.71) (end 0.261252 -0.71) (layer F.SilkS) (width 0.12))
    (fp_line (start 1 0.6) (end -1 0.6) (layer F.Fab) (width 0.1))
    (fp_line (start 1 -0.6) (end 1 0.6) (layer F.Fab) (width 0.1))
    (fp_line (start -1 -0.6) (end 1 -0.6) (layer F.Fab) (width 0.1))
    (fp_line (start -1 0.6) (end -1 -0.6) (layer F.Fab) (width 0.1))
    (pad 2 smd roundrect (at 1.025 0) (size 1.15 1.4) (layers F.Cu F.Paste F.Mask) (roundrect_rratio 0.217391)
      (net 1 GND))
    (pad 1 smd roundrect (at -1.025 0) (size 1.15 1.4) (layers F.Cu F.Paste F.Mask) (roundrect_rratio 0.217391)
      (net 62 "Net-(C7-Pad1)"))
    (model ${KISYS3DMOD}/Capacitor_SMD.3dshapes/C_0805_2012Metric.wrl
      (at (xyz 0 0 0))
      (scale (xyz 1 1 1))
      (rotate (xyz 0 0 0))
    )
  )

  (module Capacitor_SMD:C_0805_2012Metric_Pad1.15x1.40mm_HandSolder (layer F.Cu) (tedit 5B36C52B) (tstamp 626467AC)
    (at 225.265001 77.675001)
    (descr "Capacitor SMD 0805 (2012 Metric), square (rectangular) end terminal, IPC_7351 nominal with elongated pad for handsoldering. (Body size source: https://docs.google.com/spreadsheets/d/1BsfQQcO9C6DZCsRaXUlFlo91Tg2WpOkGARC1WS5S8t0/edit?usp=sharing), generated with kicad-footprint-generator")
    (tags "capacitor handsolder")
    (path /625B57C4/62635FD7)
    (attr smd)
    (fp_text reference C8 (at 0 -1.65) (layer F.SilkS)
      (effects (font (size 1 1) (thickness 0.15)))
    )
    (fp_text value 1nF (at 0 1.65) (layer F.Fab)
      (effects (font (size 1 1) (thickness 0.15)))
    )
    (fp_line (start -1 0.6) (end -1 -0.6) (layer F.Fab) (width 0.1))
    (fp_line (start -1 -0.6) (end 1 -0.6) (layer F.Fab) (width 0.1))
    (fp_line (start 1 -0.6) (end 1 0.6) (layer F.Fab) (width 0.1))
    (fp_line (start 1 0.6) (end -1 0.6) (layer F.Fab) (width 0.1))
    (fp_line (start -0.261252 -0.71) (end 0.261252 -0.71) (layer F.SilkS) (width 0.12))
    (fp_line (start -0.261252 0.71) (end 0.261252 0.71) (layer F.SilkS) (width 0.12))
    (fp_line (start -1.85 0.95) (end -1.85 -0.95) (layer F.CrtYd) (width 0.05))
    (fp_line (start -1.85 -0.95) (end 1.85 -0.95) (layer F.CrtYd) (width 0.05))
    (fp_line (start 1.85 -0.95) (end 1.85 0.95) (layer F.CrtYd) (width 0.05))
    (fp_line (start 1.85 0.95) (end -1.85 0.95) (layer F.CrtYd) (width 0.05))
    (fp_text user %R (at 0 0) (layer F.Fab)
      (effects (font (size 0.5 0.5) (thickness 0.08)))
    )
    (pad 1 smd roundrect (at -1.025 0) (size 1.15 1.4) (layers F.Cu F.Paste F.Mask) (roundrect_rratio 0.217391)
      (net 62 "Net-(C7-Pad1)"))
    (pad 2 smd roundrect (at 1.025 0) (size 1.15 1.4) (layers F.Cu F.Paste F.Mask) (roundrect_rratio 0.217391)
      (net 39 "Net-(C8-Pad2)"))
    (model ${KISYS3DMOD}/Capacitor_SMD.3dshapes/C_0805_2012Metric.wrl
      (at (xyz 0 0 0))
      (scale (xyz 1 1 1))
      (rotate (xyz 0 0 0))
    )
  )

  (module Capacitor_SMD:C_0805_2012Metric_Pad1.15x1.40mm_HandSolder (layer F.Cu) (tedit 5B36C52B) (tstamp 6264679B)
    (at 229.015001 76.675001)
    (descr "Capacitor SMD 0805 (2012 Metric), square (rectangular) end terminal, IPC_7351 nominal with elongated pad for handsoldering. (Body size source: https://docs.google.com/spreadsheets/d/1BsfQQcO9C6DZCsRaXUlFlo91Tg2WpOkGARC1WS5S8t0/edit?usp=sharing), generated with kicad-footprint-generator")
    (tags "capacitor handsolder")
    (path /625B57C4/62633842)
    (attr smd)
    (fp_text reference C9 (at 0 -1.65) (layer F.SilkS)
      (effects (font (size 1 1) (thickness 0.15)))
    )
    (fp_text value 15nF (at 0 1.65) (layer F.Fab)
      (effects (font (size 1 1) (thickness 0.15)))
    )
    (fp_text user %R (at 0 0) (layer F.Fab)
      (effects (font (size 0.5 0.5) (thickness 0.08)))
    )
    (fp_line (start 1.85 0.95) (end -1.85 0.95) (layer F.CrtYd) (width 0.05))
    (fp_line (start 1.85 -0.95) (end 1.85 0.95) (layer F.CrtYd) (width 0.05))
    (fp_line (start -1.85 -0.95) (end 1.85 -0.95) (layer F.CrtYd) (width 0.05))
    (fp_line (start -1.85 0.95) (end -1.85 -0.95) (layer F.CrtYd) (width 0.05))
    (fp_line (start -0.261252 0.71) (end 0.261252 0.71) (layer F.SilkS) (width 0.12))
    (fp_line (start -0.261252 -0.71) (end 0.261252 -0.71) (layer F.SilkS) (width 0.12))
    (fp_line (start 1 0.6) (end -1 0.6) (layer F.Fab) (width 0.1))
    (fp_line (start 1 -0.6) (end 1 0.6) (layer F.Fab) (width 0.1))
    (fp_line (start -1 -0.6) (end 1 -0.6) (layer F.Fab) (width 0.1))
    (fp_line (start -1 0.6) (end -1 -0.6) (layer F.Fab) (width 0.1))
    (pad 2 smd roundrect (at 1.025 0) (size 1.15 1.4) (layers F.Cu F.Paste F.Mask) (roundrect_rratio 0.217391)
      (net 1 GND))
    (pad 1 smd roundrect (at -1.025 0) (size 1.15 1.4) (layers F.Cu F.Paste F.Mask) (roundrect_rratio 0.217391)
      (net 61 "Net-(C9-Pad1)"))
    (model ${KISYS3DMOD}/Capacitor_SMD.3dshapes/C_0805_2012Metric.wrl
      (at (xyz 0 0 0))
      (scale (xyz 1 1 1))
      (rotate (xyz 0 0 0))
    )
  )

  (module Capacitor_SMD:C_0805_2012Metric_Pad1.15x1.40mm_HandSolder (layer F.Cu) (tedit 5B36C52B) (tstamp 6264678A)
    (at 232.765001 74.725001)
    (descr "Capacitor SMD 0805 (2012 Metric), square (rectangular) end terminal, IPC_7351 nominal with elongated pad for handsoldering. (Body size source: https://docs.google.com/spreadsheets/d/1BsfQQcO9C6DZCsRaXUlFlo91Tg2WpOkGARC1WS5S8t0/edit?usp=sharing), generated with kicad-footprint-generator")
    (tags "capacitor handsolder")
    (path /625B57C4/62636673)
    (attr smd)
    (fp_text reference C10 (at 0 -1.65) (layer F.SilkS)
      (effects (font (size 1 1) (thickness 0.15)))
    )
    (fp_text value 0.1uF (at 0 1.65) (layer F.Fab)
      (effects (font (size 1 1) (thickness 0.15)))
    )
    (fp_line (start -1 0.6) (end -1 -0.6) (layer F.Fab) (width 0.1))
    (fp_line (start -1 -0.6) (end 1 -0.6) (layer F.Fab) (width 0.1))
    (fp_line (start 1 -0.6) (end 1 0.6) (layer F.Fab) (width 0.1))
    (fp_line (start 1 0.6) (end -1 0.6) (layer F.Fab) (width 0.1))
    (fp_line (start -0.261252 -0.71) (end 0.261252 -0.71) (layer F.SilkS) (width 0.12))
    (fp_line (start -0.261252 0.71) (end 0.261252 0.71) (layer F.SilkS) (width 0.12))
    (fp_line (start -1.85 0.95) (end -1.85 -0.95) (layer F.CrtYd) (width 0.05))
    (fp_line (start -1.85 -0.95) (end 1.85 -0.95) (layer F.CrtYd) (width 0.05))
    (fp_line (start 1.85 -0.95) (end 1.85 0.95) (layer F.CrtYd) (width 0.05))
    (fp_line (start 1.85 0.95) (end -1.85 0.95) (layer F.CrtYd) (width 0.05))
    (fp_text user %R (at 0 0) (layer F.Fab)
      (effects (font (size 0.5 0.5) (thickness 0.08)))
    )
    (pad 1 smd roundrect (at -1.025 0) (size 1.15 1.4) (layers F.Cu F.Paste F.Mask) (roundrect_rratio 0.217391)
      (net 60 "Net-(C10-Pad1)"))
    (pad 2 smd roundrect (at 1.025 0) (size 1.15 1.4) (layers F.Cu F.Paste F.Mask) (roundrect_rratio 0.217391)
      (net 63 "Net-(C10-Pad2)"))
    (model ${KISYS3DMOD}/Capacitor_SMD.3dshapes/C_0805_2012Metric.wrl
      (at (xyz 0 0 0))
      (scale (xyz 1 1 1))
      (rotate (xyz 0 0 0))
    )
  )

  (module Capacitor_SMD:C_0805_2012Metric_Pad1.15x1.40mm_HandSolder (layer F.Cu) (tedit 5B36C52B) (tstamp 62646779)
    (at 228.965001 79.625001)
    (descr "Capacitor SMD 0805 (2012 Metric), square (rectangular) end terminal, IPC_7351 nominal with elongated pad for handsoldering. (Body size source: https://docs.google.com/spreadsheets/d/1BsfQQcO9C6DZCsRaXUlFlo91Tg2WpOkGARC1WS5S8t0/edit?usp=sharing), generated with kicad-footprint-generator")
    (tags "capacitor handsolder")
    (path /625B57C4/62635F7B)
    (attr smd)
    (fp_text reference C11 (at 0 -1.65) (layer F.SilkS)
      (effects (font (size 1 1) (thickness 0.15)))
    )
    (fp_text value 47uF (at 0 1.65) (layer F.Fab)
      (effects (font (size 1 1) (thickness 0.15)))
    )
    (fp_text user %R (at 0 0) (layer F.Fab)
      (effects (font (size 0.5 0.5) (thickness 0.08)))
    )
    (fp_line (start 1.85 0.95) (end -1.85 0.95) (layer F.CrtYd) (width 0.05))
    (fp_line (start 1.85 -0.95) (end 1.85 0.95) (layer F.CrtYd) (width 0.05))
    (fp_line (start -1.85 -0.95) (end 1.85 -0.95) (layer F.CrtYd) (width 0.05))
    (fp_line (start -1.85 0.95) (end -1.85 -0.95) (layer F.CrtYd) (width 0.05))
    (fp_line (start -0.261252 0.71) (end 0.261252 0.71) (layer F.SilkS) (width 0.12))
    (fp_line (start -0.261252 -0.71) (end 0.261252 -0.71) (layer F.SilkS) (width 0.12))
    (fp_line (start 1 0.6) (end -1 0.6) (layer F.Fab) (width 0.1))
    (fp_line (start 1 -0.6) (end 1 0.6) (layer F.Fab) (width 0.1))
    (fp_line (start -1 -0.6) (end 1 -0.6) (layer F.Fab) (width 0.1))
    (fp_line (start -1 0.6) (end -1 -0.6) (layer F.Fab) (width 0.1))
    (pad 2 smd roundrect (at 1.025 0) (size 1.15 1.4) (layers F.Cu F.Paste F.Mask) (roundrect_rratio 0.217391)
      (net 1 GND))
    (pad 1 smd roundrect (at -1.025 0) (size 1.15 1.4) (layers F.Cu F.Paste F.Mask) (roundrect_rratio 0.217391)
      (net 59 +3.3V))
    (model ${KISYS3DMOD}/Capacitor_SMD.3dshapes/C_0805_2012Metric.wrl
      (at (xyz 0 0 0))
      (scale (xyz 1 1 1))
      (rotate (xyz 0 0 0))
    )
  )

  (module Capacitor_SMD:C_0805_2012Metric_Pad1.15x1.40mm_HandSolder (layer F.Cu) (tedit 5B36C52B) (tstamp 62646768)
    (at 232.765001 76.675001)
    (descr "Capacitor SMD 0805 (2012 Metric), square (rectangular) end terminal, IPC_7351 nominal with elongated pad for handsoldering. (Body size source: https://docs.google.com/spreadsheets/d/1BsfQQcO9C6DZCsRaXUlFlo91Tg2WpOkGARC1WS5S8t0/edit?usp=sharing), generated with kicad-footprint-generator")
    (tags "capacitor handsolder")
    (path /625B57C4/62636088)
    (attr smd)
    (fp_text reference C12 (at 0 -1.65) (layer F.SilkS)
      (effects (font (size 1 1) (thickness 0.15)))
    )
    (fp_text value 47uF (at 0 1.65) (layer F.Fab)
      (effects (font (size 1 1) (thickness 0.15)))
    )
    (fp_line (start -1 0.6) (end -1 -0.6) (layer F.Fab) (width 0.1))
    (fp_line (start -1 -0.6) (end 1 -0.6) (layer F.Fab) (width 0.1))
    (fp_line (start 1 -0.6) (end 1 0.6) (layer F.Fab) (width 0.1))
    (fp_line (start 1 0.6) (end -1 0.6) (layer F.Fab) (width 0.1))
    (fp_line (start -0.261252 -0.71) (end 0.261252 -0.71) (layer F.SilkS) (width 0.12))
    (fp_line (start -0.261252 0.71) (end 0.261252 0.71) (layer F.SilkS) (width 0.12))
    (fp_line (start -1.85 0.95) (end -1.85 -0.95) (layer F.CrtYd) (width 0.05))
    (fp_line (start -1.85 -0.95) (end 1.85 -0.95) (layer F.CrtYd) (width 0.05))
    (fp_line (start 1.85 -0.95) (end 1.85 0.95) (layer F.CrtYd) (width 0.05))
    (fp_line (start 1.85 0.95) (end -1.85 0.95) (layer F.CrtYd) (width 0.05))
    (fp_text user %R (at 0 0) (layer F.Fab)
      (effects (font (size 0.5 0.5) (thickness 0.08)))
    )
    (pad 1 smd roundrect (at -1.025 0) (size 1.15 1.4) (layers F.Cu F.Paste F.Mask) (roundrect_rratio 0.217391)
      (net 59 +3.3V))
    (pad 2 smd roundrect (at 1.025 0) (size 1.15 1.4) (layers F.Cu F.Paste F.Mask) (roundrect_rratio 0.217391)
      (net 1 GND))
    (model ${KISYS3DMOD}/Capacitor_SMD.3dshapes/C_0805_2012Metric.wrl
      (at (xyz 0 0 0))
      (scale (xyz 1 1 1))
      (rotate (xyz 0 0 0))
    )
  )

  (module Connector_Phoenix_MC_HighVoltage:PhoenixContact_MCV_1,5_5-G-5.08_1x05_P5.08mm_Vertical (layer F.Cu) (tedit 5B784ED3) (tstamp 62646757)
    (at 69.85 134.62)
    (descr "Generic Phoenix Contact connector footprint for: MCV_1,5/5-G-5.08; number of pins: 05; pin pitch: 5.08mm; Vertical || order number: 1836325 8A 320V")
    (tags "phoenix_contact connector MCV_01x05_G_5.08mm")
    (path /6266D033)
    (fp_text reference J2 (at 10.16 -5.55) (layer F.SilkS)
      (effects (font (size 1 1) (thickness 0.15)))
    )
    (fp_text value Screw_Terminal_01x05 (at 10.16 4.1) (layer F.Fab)
      (effects (font (size 1 1) (thickness 0.15)))
    )
    (fp_arc (start 0 3.85) (end -0.75 2.15) (angle 47.6) (layer F.SilkS) (width 0.12))
    (fp_arc (start 5.08 3.85) (end 4.33 2.15) (angle 47.6) (layer F.SilkS) (width 0.12))
    (fp_arc (start 10.16 3.85) (end 9.41 2.15) (angle 47.6) (layer F.SilkS) (width 0.12))
    (fp_arc (start 15.24 3.85) (end 14.49 2.15) (angle 47.6) (layer F.SilkS) (width 0.12))
    (fp_arc (start 20.32 3.85) (end 19.57 2.15) (angle 47.6) (layer F.SilkS) (width 0.12))
    (fp_line (start -2.65 -4.46) (end -2.65 3.01) (layer F.SilkS) (width 0.12))
    (fp_line (start -2.65 3.01) (end 22.97 3.01) (layer F.SilkS) (width 0.12))
    (fp_line (start 22.97 3.01) (end 22.97 -4.46) (layer F.SilkS) (width 0.12))
    (fp_line (start 22.97 -4.46) (end -2.65 -4.46) (layer F.SilkS) (width 0.12))
    (fp_line (start -2.54 -4.35) (end -2.54 2.9) (layer F.Fab) (width 0.1))
    (fp_line (start -2.54 2.9) (end 22.86 2.9) (layer F.Fab) (width 0.1))
    (fp_line (start 22.86 2.9) (end 22.86 -4.35) (layer F.Fab) (width 0.1))
    (fp_line (start 22.86 -4.35) (end -2.54 -4.35) (layer F.Fab) (width 0.1))
    (fp_line (start -0.75 2.15) (end -1.5 2.15) (layer F.SilkS) (width 0.12))
    (fp_line (start -1.5 2.15) (end -1.5 -2.15) (layer F.SilkS) (width 0.12))
    (fp_line (start -1.5 -2.15) (end -0.75 -2.15) (layer F.SilkS) (width 0.12))
    (fp_line (start -0.75 -2.15) (end -0.75 -2.5) (layer F.SilkS) (width 0.12))
    (fp_line (start -0.75 -2.5) (end -1.25 -2.5) (layer F.SilkS) (width 0.12))
    (fp_line (start -1.25 -2.5) (end -1.5 -3.5) (layer F.SilkS) (width 0.12))
    (fp_line (start -1.5 -3.5) (end 1.5 -3.5) (layer F.SilkS) (width 0.12))
    (fp_line (start 1.5 -3.5) (end 1.25 -2.5) (layer F.SilkS) (width 0.12))
    (fp_line (start 1.25 -2.5) (end 0.75 -2.5) (layer F.SilkS) (width 0.12))
    (fp_line (start 0.75 -2.5) (end 0.75 -2.15) (layer F.SilkS) (width 0.12))
    (fp_line (start 0.75 -2.15) (end 1.5 -2.15) (layer F.SilkS) (width 0.12))
    (fp_line (start 1.5 -2.15) (end 1.5 2.15) (layer F.SilkS) (width 0.12))
    (fp_line (start 1.5 2.15) (end 0.75 2.15) (layer F.SilkS) (width 0.12))
    (fp_line (start 4.33 2.15) (end 3.58 2.15) (layer F.SilkS) (width 0.12))
    (fp_line (start 3.58 2.15) (end 3.58 -2.15) (layer F.SilkS) (width 0.12))
    (fp_line (start 3.58 -2.15) (end 4.33 -2.15) (layer F.SilkS) (width 0.12))
    (fp_line (start 4.33 -2.15) (end 4.33 -2.5) (layer F.SilkS) (width 0.12))
    (fp_line (start 4.33 -2.5) (end 3.83 -2.5) (layer F.SilkS) (width 0.12))
    (fp_line (start 3.83 -2.5) (end 3.58 -3.5) (layer F.SilkS) (width 0.12))
    (fp_line (start 3.58 -3.5) (end 6.58 -3.5) (layer F.SilkS) (width 0.12))
    (fp_line (start 6.58 -3.5) (end 6.33 -2.5) (layer F.SilkS) (width 0.12))
    (fp_line (start 6.33 -2.5) (end 5.83 -2.5) (layer F.SilkS) (width 0.12))
    (fp_line (start 5.83 -2.5) (end 5.83 -2.15) (layer F.SilkS) (width 0.12))
    (fp_line (start 5.83 -2.15) (end 6.58 -2.15) (layer F.SilkS) (width 0.12))
    (fp_line (start 6.58 -2.15) (end 6.58 2.15) (layer F.SilkS) (width 0.12))
    (fp_line (start 6.58 2.15) (end 5.83 2.15) (layer F.SilkS) (width 0.12))
    (fp_line (start 9.41 2.15) (end 8.66 2.15) (layer F.SilkS) (width 0.12))
    (fp_line (start 8.66 2.15) (end 8.66 -2.15) (layer F.SilkS) (width 0.12))
    (fp_line (start 8.66 -2.15) (end 9.41 -2.15) (layer F.SilkS) (width 0.12))
    (fp_line (start 9.41 -2.15) (end 9.41 -2.5) (layer F.SilkS) (width 0.12))
    (fp_line (start 9.41 -2.5) (end 8.91 -2.5) (layer F.SilkS) (width 0.12))
    (fp_line (start 8.91 -2.5) (end 8.66 -3.5) (layer F.SilkS) (width 0.12))
    (fp_line (start 8.66 -3.5) (end 11.66 -3.5) (layer F.SilkS) (width 0.12))
    (fp_line (start 11.66 -3.5) (end 11.41 -2.5) (layer F.SilkS) (width 0.12))
    (fp_line (start 11.41 -2.5) (end 10.91 -2.5) (layer F.SilkS) (width 0.12))
    (fp_line (start 10.91 -2.5) (end 10.91 -2.15) (layer F.SilkS) (width 0.12))
    (fp_line (start 10.91 -2.15) (end 11.66 -2.15) (layer F.SilkS) (width 0.12))
    (fp_line (start 11.66 -2.15) (end 11.66 2.15) (layer F.SilkS) (width 0.12))
    (fp_line (start 11.66 2.15) (end 10.91 2.15) (layer F.SilkS) (width 0.12))
    (fp_line (start 14.49 2.15) (end 13.74 2.15) (layer F.SilkS) (width 0.12))
    (fp_line (start 13.74 2.15) (end 13.74 -2.15) (layer F.SilkS) (width 0.12))
    (fp_line (start 13.74 -2.15) (end 14.49 -2.15) (layer F.SilkS) (width 0.12))
    (fp_line (start 14.49 -2.15) (end 14.49 -2.5) (layer F.SilkS) (width 0.12))
    (fp_line (start 14.49 -2.5) (end 13.99 -2.5) (layer F.SilkS) (width 0.12))
    (fp_line (start 13.99 -2.5) (end 13.74 -3.5) (layer F.SilkS) (width 0.12))
    (fp_line (start 13.74 -3.5) (end 16.74 -3.5) (layer F.SilkS) (width 0.12))
    (fp_line (start 16.74 -3.5) (end 16.49 -2.5) (layer F.SilkS) (width 0.12))
    (fp_line (start 16.49 -2.5) (end 15.99 -2.5) (layer F.SilkS) (width 0.12))
    (fp_line (start 15.99 -2.5) (end 15.99 -2.15) (layer F.SilkS) (width 0.12))
    (fp_line (start 15.99 -2.15) (end 16.74 -2.15) (layer F.SilkS) (width 0.12))
    (fp_line (start 16.74 -2.15) (end 16.74 2.15) (layer F.SilkS) (width 0.12))
    (fp_line (start 16.74 2.15) (end 15.99 2.15) (layer F.SilkS) (width 0.12))
    (fp_line (start 19.57 2.15) (end 18.82 2.15) (layer F.SilkS) (width 0.12))
    (fp_line (start 18.82 2.15) (end 18.82 -2.15) (layer F.SilkS) (width 0.12))
    (fp_line (start 18.82 -2.15) (end 19.57 -2.15) (layer F.SilkS) (width 0.12))
    (fp_line (start 19.57 -2.15) (end 19.57 -2.5) (layer F.SilkS) (width 0.12))
    (fp_line (start 19.57 -2.5) (end 19.07 -2.5) (layer F.SilkS) (width 0.12))
    (fp_line (start 19.07 -2.5) (end 18.82 -3.5) (layer F.SilkS) (width 0.12))
    (fp_line (start 18.82 -3.5) (end 21.82 -3.5) (layer F.SilkS) (width 0.12))
    (fp_line (start 21.82 -3.5) (end 21.57 -2.5) (layer F.SilkS) (width 0.12))
    (fp_line (start 21.57 -2.5) (end 21.07 -2.5) (layer F.SilkS) (width 0.12))
    (fp_line (start 21.07 -2.5) (end 21.07 -2.15) (layer F.SilkS) (width 0.12))
    (fp_line (start 21.07 -2.15) (end 21.82 -2.15) (layer F.SilkS) (width 0.12))
    (fp_line (start 21.82 -2.15) (end 21.82 2.15) (layer F.SilkS) (width 0.12))
    (fp_line (start 21.82 2.15) (end 21.07 2.15) (layer F.SilkS) (width 0.12))
    (fp_line (start -3.04 -4.85) (end -3.04 3.4) (layer F.CrtYd) (width 0.05))
    (fp_line (start -3.04 3.4) (end 23.36 3.4) (layer F.CrtYd) (width 0.05))
    (fp_line (start 23.36 3.4) (end 23.36 -4.85) (layer F.CrtYd) (width 0.05))
    (fp_line (start 23.36 -4.85) (end -3.04 -4.85) (layer F.CrtYd) (width 0.05))
    (fp_line (start -3.04 -3.6) (end -3.04 -4.85) (layer F.SilkS) (width 0.12))
    (fp_line (start -3.04 -4.85) (end -1.04 -4.85) (layer F.SilkS) (width 0.12))
    (fp_line (start -3.04 -3.6) (end -3.04 -4.85) (layer F.Fab) (width 0.1))
    (fp_line (start -3.04 -4.85) (end -1.04 -4.85) (layer F.Fab) (width 0.1))
    (fp_text user %R (at 10.16 -3.65) (layer F.Fab)
      (effects (font (size 1 1) (thickness 0.15)))
    )
    (pad 1 thru_hole roundrect (at 0 0) (size 1.8 3.6) (drill 1.2) (layers *.Cu *.Mask) (roundrect_rratio 0.138889)
      (net 82 "Net-(J2-Pad1)"))
    (pad 2 thru_hole oval (at 5.08 0) (size 1.8 3.6) (drill 1.2) (layers *.Cu *.Mask)
      (net 83 "Net-(J2-Pad2)"))
    (pad 3 thru_hole oval (at 10.16 0) (size 1.8 3.6) (drill 1.2) (layers *.Cu *.Mask)
      (net 84 "Net-(J2-Pad3)"))
    (pad 4 thru_hole oval (at 15.24 0) (size 1.8 3.6) (drill 1.2) (layers *.Cu *.Mask)
      (net 85 "Net-(J2-Pad4)"))
    (pad 5 thru_hole oval (at 20.32 0) (size 1.8 3.6) (drill 1.2) (layers *.Cu *.Mask)
      (net 86 "Net-(J2-Pad5)"))
    (model ${KISYS3DMOD}/Connector_Phoenix_MC_HighVoltage.3dshapes/PhoenixContact_MCV_1,5_5-G-5.08_1x05_P5.08mm_Vertical.wrl
      (at (xyz 0 0 0))
      (scale (xyz 1 1 1))
      (rotate (xyz 0 0 0))
    )
  )

  (module Connector_USB:USB_Mini-B_Lumberg_2486_01_Horizontal (layer F.Cu) (tedit 5AC6B535) (tstamp 626466F7)
    (at 31.75 99.06 270)
    (descr "USB Mini-B 5-pin SMD connector, http://downloads.lumberg.com/datenblaetter/en/2486_01.pdf")
    (tags "USB USB_B USB_Mini connector")
    (path /62648AC5)
    (attr smd)
    (fp_text reference J3 (at 0 -5 270) (layer F.SilkS)
      (effects (font (size 1 1) (thickness 0.15)))
    )
    (fp_text value USB_B_Mini (at 0 7.5 270) (layer F.Fab)
      (effects (font (size 1 1) (thickness 0.15)))
    )
    (fp_line (start 2.35 -4.2) (end -2.35 -4.2) (layer F.CrtYd) (width 0.05))
    (fp_line (start 2.35 -3.95) (end 2.35 -4.2) (layer F.CrtYd) (width 0.05))
    (fp_line (start 4.35 1.5) (end 5.95 1.5) (layer F.CrtYd) (width 0.05))
    (fp_line (start 4.35 4.2) (end 5.95 4.2) (layer F.CrtYd) (width 0.05))
    (fp_line (start 4.35 6.35) (end 4.35 4.2) (layer F.CrtYd) (width 0.05))
    (fp_line (start 3.91 5.91) (end -3.91 5.91) (layer F.SilkS) (width 0.12))
    (fp_line (start -1.6 -2.85) (end -1.25 -3.35) (layer F.Fab) (width 0.1))
    (fp_line (start -2.11 -3.41) (end -2.11 -3.84) (layer F.SilkS) (width 0.12))
    (fp_text user %R (at 0 1.6 90) (layer F.Fab)
      (effects (font (size 1 1) (thickness 0.15)))
    )
    (fp_line (start 3.91 5.91) (end 3.91 3.96) (layer F.SilkS) (width 0.12))
    (fp_line (start 3.91 1.74) (end 3.91 -1.49) (layer F.SilkS) (width 0.12))
    (fp_line (start 2.11 -3.41) (end 3.19 -3.41) (layer F.SilkS) (width 0.12))
    (fp_line (start -3.19 -3.41) (end -2.11 -3.41) (layer F.SilkS) (width 0.12))
    (fp_line (start -3.91 1.74) (end -3.91 -1.49) (layer F.SilkS) (width 0.12))
    (fp_line (start -3.91 5.91) (end -3.91 3.96) (layer F.SilkS) (width 0.12))
    (fp_line (start 3.85 5.85) (end 3.85 -3.35) (layer F.Fab) (width 0.1))
    (fp_line (start -3.85 5.85) (end 3.85 5.85) (layer F.Fab) (width 0.1))
    (fp_line (start -3.85 -3.35) (end -3.85 5.85) (layer F.Fab) (width 0.1))
    (fp_line (start -3.85 -3.35) (end 3.85 -3.35) (layer F.Fab) (width 0.1))
    (fp_line (start -4.35 6.35) (end 4.35 6.35) (layer F.CrtYd) (width 0.05))
    (fp_line (start 5.95 -3.95) (end 2.35 -3.95) (layer F.CrtYd) (width 0.05))
    (fp_line (start 5.95 1.5) (end 5.95 4.2) (layer F.CrtYd) (width 0.05))
    (fp_line (start -1.95 -3.35) (end -1.6 -2.85) (layer F.Fab) (width 0.1))
    (fp_line (start 4.35 -1.25) (end 4.35 1.5) (layer F.CrtYd) (width 0.05))
    (fp_line (start 4.35 -1.25) (end 5.95 -1.25) (layer F.CrtYd) (width 0.05))
    (fp_line (start 5.95 -3.95) (end 5.95 -1.25) (layer F.CrtYd) (width 0.05))
    (fp_line (start -2.35 -3.95) (end -2.35 -4.2) (layer F.CrtYd) (width 0.05))
    (fp_line (start -5.95 -3.95) (end -2.35 -3.95) (layer F.CrtYd) (width 0.05))
    (fp_line (start -5.95 -3.95) (end -5.95 -1.25) (layer F.CrtYd) (width 0.05))
    (fp_line (start -4.35 -1.25) (end -5.95 -1.25) (layer F.CrtYd) (width 0.05))
    (fp_line (start -4.35 -1.25) (end -4.35 1.5) (layer F.CrtYd) (width 0.05))
    (fp_line (start -4.35 1.5) (end -5.95 1.5) (layer F.CrtYd) (width 0.05))
    (fp_line (start -5.95 1.5) (end -5.95 4.2) (layer F.CrtYd) (width 0.05))
    (fp_line (start -4.35 4.2) (end -5.95 4.2) (layer F.CrtYd) (width 0.05))
    (fp_line (start -4.35 6.35) (end -4.35 4.2) (layer F.CrtYd) (width 0.05))
    (pad 1 smd rect (at -1.6 -2.7 270) (size 0.5 2) (layers F.Cu F.Paste F.Mask)
      (net 78 "Net-(J3-Pad1)"))
    (pad 2 smd rect (at -0.8 -2.7 270) (size 0.5 2) (layers F.Cu F.Paste F.Mask)
      (net 79 "Net-(J3-Pad2)"))
    (pad 3 smd rect (at 0 -2.7 270) (size 0.5 2) (layers F.Cu F.Paste F.Mask)
      (net 80 "Net-(J3-Pad3)"))
    (pad 4 smd rect (at 0.8 -2.7 270) (size 0.5 2) (layers F.Cu F.Paste F.Mask)
      (net 81 "Net-(J3-Pad4)"))
    (pad 5 smd rect (at 1.6 -2.7 270) (size 0.5 2) (layers F.Cu F.Paste F.Mask)
      (net 1 GND))
    (pad 6 smd rect (at -4.45 -2.6 270) (size 2 1.7) (layers F.Cu F.Paste F.Mask)
      (net 1 GND))
    (pad 6 smd rect (at -4.45 2.85 270) (size 2 1.7) (layers F.Cu F.Paste F.Mask)
      (net 1 GND))
    (pad 6 smd rect (at 4.45 -2.6 270) (size 2 1.7) (layers F.Cu F.Paste F.Mask)
      (net 1 GND))
    (pad 6 smd rect (at 4.45 2.85 270) (size 2 1.7) (layers F.Cu F.Paste F.Mask)
      (net 1 GND))
    (pad "" np_thru_hole circle (at -2.2 0 270) (size 1 1) (drill 1) (layers *.Cu *.Mask))
    (pad "" np_thru_hole circle (at 2.2 0 270) (size 1 1) (drill 1) (layers *.Cu *.Mask))
    (model ${KISYS3DMOD}/Connector_USB.3dshapes/USB_Mini-B_Lumberg_2486_01_Horizontal.wrl
      (at (xyz 0 0 0))
      (scale (xyz 1 1 1))
      (rotate (xyz 0 0 0))
    )
  )

  (module Diode_SMD:D_SMB (layer F.Cu) (tedit 58645DF3) (tstamp 626466C5)
    (at 215.765001 76.925001)
    (descr "Diode SMB (DO-214AA)")
    (tags "Diode SMB (DO-214AA)")
    (path /625B57C4/626377A0)
    (attr smd)
    (fp_text reference D9 (at 0 -3) (layer F.SilkS)
      (effects (font (size 1 1) (thickness 0.15)))
    )
    (fp_text value B240 (at 0 3.1) (layer F.Fab)
      (effects (font (size 1 1) (thickness 0.15)))
    )
    (fp_text user %R (at 0 -3) (layer F.Fab)
      (effects (font (size 1 1) (thickness 0.15)))
    )
    (fp_line (start -3.55 -2.15) (end -3.55 2.15) (layer F.SilkS) (width 0.12))
    (fp_line (start 2.3 2) (end -2.3 2) (layer F.Fab) (width 0.1))
    (fp_line (start -2.3 2) (end -2.3 -2) (layer F.Fab) (width 0.1))
    (fp_line (start 2.3 -2) (end 2.3 2) (layer F.Fab) (width 0.1))
    (fp_line (start 2.3 -2) (end -2.3 -2) (layer F.Fab) (width 0.1))
    (fp_line (start -3.65 -2.25) (end 3.65 -2.25) (layer F.CrtYd) (width 0.05))
    (fp_line (start 3.65 -2.25) (end 3.65 2.25) (layer F.CrtYd) (width 0.05))
